0 0.6078125 0.5828571428571429 0.0296875 0.16
0 0.553125 0.3942857142857143 0.0234375 0.12285714285714286
0 0.6703125 0.4 0.015625 0.13142857142857142
0 0.384375 0.3742857142857143 0.03125 0.10571428571428572
0 0.3296875 0.44857142857142857 0.034375 0.12857142857142856
0 0.4375 0.4057142857142857 0.015625 0.12
0 0.3359375 0.40285714285714286 0.01875 0.13142857142857142
0 0.275 0.38285714285714284 0.021875 0.11714285714285715
0 0.2875 0.42857142857142855 0.028125 0.13428571428571429
0 0.2390625 0.37714285714285717 0.0234375 0.10857142857142857
0 0.2421875 0.3914285714285714 0.015625 0.12285714285714286