0 0.575 0.5542857142857143 0.0328125 0.15428571428571428
0 0.0421875 0.6314285714285715 0.04375 0.1657142857142857
0 0.159375 0.6171428571428571 0.040625 0.1657142857142857
0 0.484375 0.5485714285714286 0.0375 0.13714285714285715
0 0.1078125 0.6857142857142857 0.05625 0.1742857142857143
0 0.5046875 0.42857142857142855 0.01875 0.05714285714285714
0 0.3125 0.6057142857142858 0.0296875 0.16
0 0.4125 0.6142857142857143 0.021875 0.1657142857142857
0 0.29375 0.6542857142857142 0.040625 0.14857142857142858
0 0.425 0.5885714285714285 0.0171875 0.15428571428571428
0 0.0828125 0.6742857142857143 0.028125 0.18
0 0.265625 0.58 0.034375 0.15142857142857144