0 0.01875 0.625 0.0203125 0.05625
0 0.0390625 0.6208333333333333 0.0125 0.06041666666666667
0 0.0640625 0.6104166666666667 0.015625 0.04791666666666667
0 0.0859375 0.61875 0.0125 0.052083333333333336
0 0.1015625 0.6 0.0078125 0.029166666666666667
0 0.0515625 0.5979166666666667 0.00625 0.025
0 0.015625 0.6 0.009375 0.041666666666666664
0 0.0015625 0.5958333333333333 0.003125 0.027083333333333334
0 0.0078125 0.5979166666666667 0.0078125 0.03125
0 0.0453125 0.5979166666666667 0.00625 0.027083333333333334
0 0.1296875 0.6020833333333333 0.0078125 0.03125
0 0.1359375 0.5979166666666667 0.0046875 0.022916666666666665
0 0.140625 0.6041666666666666 0.00625 0.03958333333333333
0 0.1453125 0.6145833333333334 0.0109375 0.04375
0 0.1546875 0.60625 0.0078125 0.03333333333333333
0 0.1578125 0.5916666666666667 0.0046875 0.010416666666666666
0 0.1625 0.6520833333333333 0.01875 0.09166666666666666
0 0.1765625 0.65 0.0171875 0.08333333333333333
0 0.19375 0.6125 0.015625 0.022916666666666665
0 0.1921875 0.5916666666666667 0.00625 0.010416666666666666
0 0.21875 0.5916666666666667 0.003125 0.004166666666666667
0 0.225 0.59375 0.003125 0.00625
0 0.23125 0.5958333333333333 0.003125 0.010416666666666666
0 0.2421875 0.6 0.0109375 0.0125
0 0.253125 0.6020833333333333 0.00625 0.016666666666666666
0 0.24375 0.6354166666666666 0.0140625 0.0625
0 0.2078125 0.6270833333333333 0.0140625 0.035416666666666666
0 0.2125 0.625 0.009375 0.04375
0 0.20625 0.65 0.025 0.05625
0 0.190625 0.7 0.0453125 0.15
0 0.3109375 0.6125 0.009375 0.020833333333333332
0 0.3171875 0.6541666666666667 0.0203125 0.08125
0 0.3671875 0.6604166666666667 0.025 0.08958333333333333
0 0.390625 0.6166666666666667 0.0140625 0.025
0 0.3453125 0.6 0.0078125 0.022916666666666665
0 0.359375 0.6 0.00625 0.020833333333333332
0 0.0609375 0.9104166666666667 0.11875 0.17708333333333334
0 0.203125 0.85 0.18125 0.29791666666666666
0 0.4140625 0.8791666666666667 0.18125 0.24166666666666667
0 0.434375 0.70625 0.0390625 0.11875
0 0.578125 0.7791666666666667 0.0859375 0.20833333333333334
0 0.575 0.8854166666666666 0.203125 0.22708333333333333
0 0.4234375 0.5958333333333333 0.0046875 0.010416666666666666
0 0.5140625 0.6166666666666667 0.0125 0.016666666666666666
0 0.5328125 0.61875 0.009375 0.016666666666666666
0 0.609375 0.6270833333333333 0.0109375 0.027083333333333334
0 0.6140625 0.6229166666666667 0.0078125 0.03125
0 0.621875 0.6208333333333333 0.009375 0.035416666666666666
0 0.6390625 0.6270833333333333 0.0125 0.0375
0 0.678125 0.6333333333333333 0.0203125 0.03125
0 0.746875 0.925 0.1671875 0.15
0 0.7921875 0.7708333333333334 0.0921875 0.25
0 0.7140625 0.8208333333333333 0.025 0.04583333333333333
0 0.7453125 0.6520833333333333 0.021875 0.041666666666666664
0 0.8046875 0.6270833333333333 0.0078125 0.020833333333333332
0 0.8171875 0.6354166666666666 0.009375 0.0375
0 0.8296875 0.6291666666666667 0.0078125 0.025
0 0.8390625 0.6229166666666667 0.00625 0.0125
0 0.9140625 0.65 0.0171875 0.0375
0 0.9125 0.625 0.0078125 0.010416666666666666
0 0.953125 0.6354166666666666 0.009375 0.027083333333333334
0 0.9609375 0.6291666666666667 0.0078125 0.020833333333333332
0 0.9671875 0.6375 0.009375 0.03125
0 0.9796875 0.6291666666666667 0.00625 0.016666666666666666
0 0.9828125 0.63125 0.00625 0.0125
0 0.9671875 0.6708333333333333 0.0203125 0.052083333333333336
0 0.99375 0.6645833333333333 0.0109375 0.052083333333333336