0 0.033402922755741124 0.4828125 0.016701461377870562 0.021875
0 0.11899791231732777 0.4875 0.031315240083507306 0.0328125
0 0.17954070981210857 0.478125 0.03549060542797495 0.0359375
0 0.15031315240083507 0.4796875 0.018789144050104383 0.025
0 0.13778705636743216 0.48125 0.018789144050104383 0.021875
0 0.21294363256784968 0.478125 0.018789144050104383 0.0203125
0 0.2609603340292276 0.478125 0.012526096033402923 0.021875
0 0.2839248434237996 0.4796875 0.018789144050104383 0.028125
0 0.35281837160751567 0.4875 0.022964509394572025 0.0375
0 0.3089770354906054 0.4765625 0.008350730688935281 0.0109375
0 0.302713987473904 0.4734375 0.008350730688935281 0.0078125
0 0.8475991649269311 0.4703125 0.008350730688935281 0.015625
0 0.8789144050104384 0.46875 0.010438413361169102 0.0109375
0 0.9206680584551148 0.478125 0.012526096033402923 0.0265625
0 0.9519832985386222 0.4765625 0.008350730688935281 0.025
0 0.9770354906054279 0.5 0.03549060542797495 0.075
0 0.9352818371607515 0.521875 0.04592901878914405 0.1
0 0.8663883089770354 0.515625 0.04175365344467641 0.0984375