0 0.014084507042253521 0.8037825059101655 0.028169014084507043 0.10638297872340426
0 0.023474178403755867 0.9550827423167849 0.0297339593114241 0.08274231678486997
0 0.11267605633802817 0.9657210401891253 0.02190923317683881 0.06855791962174941
0 0.12519561815336464 0.9314420803782506 0.023474178403755867 0.09219858156028368
0 0.16118935837245696 0.9550827423167849 0.0297339593114241 0.08983451536643026
0 0.14397496087636932 0.8132387706855791 0.03129890453834116 0.09456264775413711
0 0.09233176838810642 0.7210401891252955 0.026604068857589983 0.09219858156028368
0 0.08450704225352113 0.6548463356973995 0.018779342723004695 0.09929078014184398
0 0.06103286384976526 0.6713947990543735 0.023474178403755867 0.08274231678486997
0 0.010954616588419406 0.6926713947990544 0.02034428794992175 0.08747044917257683
0 0.03286384976525822 0.5910165484633569 0.02034428794992175 0.08274231678486997
0 0.023474178403755867 0.475177304964539 0.02034428794992175 0.06619385342789598
0 0.1564945226917058 0.32387706855791965 0.018779342723004695 0.0851063829787234
0 0.1752738654147105 0.34515366430260047 0.01564945226917058 0.06619385342789598
0 0.25508607198748046 0.45390070921985815 0.026604068857589983 0.08747044917257683
0 0.26917057902973396 0.4515366430260047 0.018779342723004695 0.10638297872340426
0 0.2942097026604069 0.4940898345153664 0.01564945226917058 0.10638297872340426
0 0.3082942097026604 0.5200945626477541 0.02190923317683881 0.09219858156028368
0 0.3458528951486698 0.5437352245862884 0.026604068857589983 0.09692671394799054
0 0.4444444444444444 0.557919621749409 0.023474178403755867 0.07565011820330969
0 0.47730829420970267 0.5815602836879432 0.023474178403755867 0.08037825059101655
0 0.4475743348982786 0.35697399527186763 0.010954616588419406 0.07328605200945626
0 0.458528951486698 0.37115839243498816 0.014084507042253521 0.07801418439716312
0 0.5164319248826291 0.2789598108747045 0.010954616588419406 0.07328605200945626
0 0.49139280125195617 0.25295508274231676 0.014084507042253521 0.0425531914893617
0 0.5774647887323944 0.2364066193853428 0.02034428794992175 0.06855791962174941
0 0.37871674491392804 0.19621749408983452 0.017214397496087636 0.07801418439716312
0 0.39906103286384975 0.1938534278959811 0.00782472613458529 0.04964539007092199
0 0.41001564945226915 0.1867612293144208 0.009389671361502348 0.061465721040189124
0 0.03755868544600939 0.2293144208037825 0.023474178403755867 0.07801418439716312
0 0.004694835680751174 0.24349881796690306 0.00782472613458529 0.0591016548463357
0 0.023474178403755867 0.1536643026004728 0.025039123630672927 0.08274231678486997
0 0.0782472613458529 0.12529550827423167 0.023474178403755867 0.07801418439716312
0 0.11737089201877934 0.1182033096926714 0.018779342723004695 0.07092198581560284
0 0.13771517996870108 0.12293144208037825 0.02034428794992175 0.07328605200945626
0 0.11580594679186229 0.061465721040189124 0.010954616588419406 0.05200945626477541
0 0.13615023474178403 0.07092198581560284 0.02034428794992175 0.07801418439716312
0 0.758998435054773 0.19621749408983452 0.02190923317683881 0.0591016548463357
0 0.7621283255086072 0.23404255319148937 0.017214397496087636 0.0851063829787234
0 0.701095461658842 0.4066193853427896 0.01564945226917058 0.08274231678486997
0 0.6103286384976526 0.5484633569739953 0.025039123630672927 0.07801418439716312
0 0.7433489827856025 0.5626477541371159 0.02034428794992175 0.08274231678486997
0 0.7683881064162754 0.5697399527186762 0.02190923317683881 0.08037825059101655
0 0.7777777777777778 0.6052009456264775 0.023474178403755867 0.08274231678486997
0 0.8967136150234741 0.8628841607565012 0.017214397496087636 0.0851063829787234
0 0.8912363067292645 0.9609929078014184 0.02034428794992175 0.07801418439716312
0 0.9076682316118936 0.9633569739952719 0.01564945226917058 0.07328605200945626
0 0.9225352112676056 0.9775413711583925 0.02034428794992175 0.04491725768321513
0 0.9327073552425665 0.9598108747044918 0.018779342723004695 0.05673758865248227
0 0.5352112676056338 0.9456264775413712 0.02034428794992175 0.04728132387706856
0 0.5383411580594679 0.91725768321513 0.02190923317683881 0.0591016548463357
0 0.5923317683881064 0.9822695035460993 0.017214397496087636 0.03546099290780142
0 0.29264475743348983 0.8841607565011821 0.012519561815336464 0.06382978723404255
0 0.30203442879499215 0.8983451536643026 0.010954616588419406 0.054373522458628844
0 0.325508607198748 0.9030732860520094 0.014084507042253521 0.07565011820330969
0 0.3348982785602504 0.9219858156028369 0.02034428794992175 0.07092198581560284
0 0.8935837245696401 0.5224586288416075 0.017214397496087636 0.09219858156028368
0 0.9796557120500783 0.5035460992907801 0.017214397496087636 0.09692671394799054
0 0.9671361502347418 0.2765957446808511 0.014084507042253521 0.07565011820330969
0 0.9796557120500783 0.29550827423167847 0.010954616588419406 0.06619385342789598
0 0.9812206572769953 0.2458628841607565 0.012519561815336464 0.07092198581560284
0 0.9945226917057903 0.25059101654846333 0.010954616588419406 0.061465721040189124
0 0.9843505477308294 0.13947990543735225 0.018779342723004695 0.08274231678486997
0 0.8184663536776213 0.07801418439716312 0.017214397496087636 0.09219858156028368
0 0.97339593114241 0.03546099290780142 0.01564945226917058 0.07092198581560284
0 0.9913928012519562 0.04373522458628842 0.017214397496087636 0.07328605200945626
0 0.7621283255086072 0.016548463356973995 0.017214397496087636 0.030732860520094562
0 0.9859154929577465 0.7612293144208038 0.025039123630672927 0.08983451536643026
0 0.9342723004694836 0.8203309692671394 0.01564945226917058 0.08037825059101655
0 0.9608763693270735 0.8368794326241135 0.02034428794992175 0.09219858156028368
0 0.9882629107981221 0.8581560283687943 0.023474178403755867 0.09929078014184398
0 0.9233176838810642 0.8770685579196218 0.02190923317683881 0.08747044917257683