0 0.175 0.700836820083682 0.0359375 0.06903765690376569
0 0.040625 0.9476987447698745 0.040625 0.100418410041841
0 0.071875 0.9351464435146444 0.0390625 0.09414225941422594
0 0.115625 0.9456066945606695 0.0515625 0.08786610878661087
0 0.2703125 0.8535564853556485 0.0484375 0.0794979079497908
0 0.3125 0.8472803347280334 0.046875 0.0794979079497908
0 0.525 0.7803347280334728 0.046875 0.06276150627615062
0 0.5859375 0.8430962343096234 0.0328125 0.12761506276150628
0 0.3828125 0.602510460251046 0.0359375 0.10460251046025104
0 0.471875 0.5774058577405857 0.0328125 0.08577405857740586
0 0.378125 0.4476987447698745 0.0203125 0.07112970711297072
0 0.546875 0.5962343096234309 0.025 0.07322175732217573
0 0.6171875 0.5941422594142259 0.0234375 0.060669456066945605
0 0.63125 0.5962343096234309 0.015625 0.04811715481171548
0 0.6515625 0.5606694560669456 0.025 0.06694560669456066
0 0.7171875 0.5481171548117155 0.0296875 0.07740585774058577
0 0.7203125 0.5627615062761506 0.0203125 0.0502092050209205
0 0.6828125 0.6234309623430963 0.03125 0.09623430962343096
0 0.7125 0.6610878661087866 0.025 0.06276150627615062
0 0.7375 0.6485355648535565 0.025 0.07112970711297072
0 0.8375 0.608786610878661 0.0296875 0.08158995815899582
0 0.76875 0.5313807531380753 0.01875 0.07740585774058577
0 0.875 0.5125523012552301 0.021875 0.04602510460251046
0 0.9125 0.47489539748953974 0.0140625 0.058577405857740586
0 0.9484375 0.4707112970711297 0.021875 0.04811715481171548
0 0.915625 0.5439330543933054 0.025 0.060669456066945605
0 0.93125 0.5523012552301255 0.0171875 0.07740585774058577
0 0.946875 0.5502092050209205 0.01875 0.0899581589958159
0 0.99375 0.6276150627615062 0.0125 0.1087866108786611
0 0.753125 0.5564853556485355 0.0203125 0.029288702928870293
0 0.60625 0.46234309623430964 0.0140625 0.03138075313807531
0 0.0640625 0.5062761506276151 0.0453125 0.0899581589958159
0 0.0546875 0.4393305439330544 0.01875 0.03138075313807531
0 0.0734375 0.4393305439330544 0.0125 0.027196652719665274