0 0.0265625 0.8430913348946136 0.03125 0.10772833723653395
0 0.0578125 0.8548009367681498 0.0328125 0.10772833723653395
0 0.09375 0.8548009367681498 0.01875 0.10304449648711944
0 0.11875 0.8454332552693209 0.025 0.10772833723653395
0 0.584375 0.6487119437939111 0.0203125 0.0702576112412178
0 0.61875 0.6955503512880562 0.01875 0.07494145199063232
0 0.6359375 0.6955503512880562 0.01875 0.07728337236533958
0 0.6609375 0.702576112412178 0.015625 0.0702576112412178
0 0.65625 0.8009367681498829 0.015625 0.06088992974238876
0 0.6734375 0.7939110070257611 0.01875 0.08899297423887588
0 0.734375 0.7985948477751756 0.01875 0.08899297423887588
0 0.7625 0.8009367681498829 0.01875 0.08665105386416862